966.3171996436673
965.9005197723537
968.3706379296707
970.3601209227298
970.3601209227298
970.3601209227298
968.6759618505063
970.3601209227298
966.2287643128251
966.6273579114032
970.3686692377436
970.3601209227298
961.5404044437354
965.5655876227094
966.8080313647199
964.1945663126015
964.8106589171199
970.3601209227298
968.4706025522657
970.3686692377436
970.3601209227298
967.6082105545343
968.3706379296707
968.885209501084
970.3601209227298
970.3601209227298
968.3706379296707
967.4355437717402
970.3601209227298
970.3601209227298
970.3686692377436
970.3686692377436
967.9588405464765
970.3686692377436
968.6707498304213
968.6759618505063
965.6127340092562
968.3706379296707
963.8479227432059
965.9461213031109
961.8541437227514
964.2375490015281
966.699496826377
968.6707498304213
970.3601209227298
970.3686692377436
964.3689871386974
970.3601209227298
968.6707498304213
968.6759618505063
968.4706025522657
963.8444231003841
970.3601209227298
967.4355437717402
970.3686692377436
966.1061233917217
970.3601209227298
967.6544504913118
970.3601209227298
968.885209501084
970.3686692377436
970.3601209227298
966.4523988624445
970.3686692377436
968.3706379296707
970.3686692377436
970.3686692377436
970.3686692377436
958.5825565384907
966.4157390708616
967.0846612271133
970.3686692377436
965.6186303060927
970.3686692377436
966.5543211457896
961.4878872778224
964.5399484932844
966.4789997431448
967.6082105545343
970.3686692377436
964.066645721122
970.3686692377436
964.1428636655515
967.6544504913118
970.3601209227298
966.5543211457896
970.3686692377436
967.9588405464765
964.5620449011745
970.3601209227298
970.3686692377436
